#name vaa3d_traced_neuron
#comment 
##n,type,x,y,z,radius,parent
1 3 127.000 140.000 29.000 1.000 2
2 3 128.556 139.556 29.000 1.000 3
3 3 129.000 138.333 28.667 1.000 4
4 3 128.333 136.667 28.000 1.000 5
5 3 127.667 134.333 28.000 1.000 6
6 3 126.667 132.444 27.889 1.000 7
7 3 124.222 129.667 26.111 1.000 8
8 3 121.778 127.222 26.000 1.000 9
9 3 119.444 125.556 26.000 1.000 10
10 3 119.000 124.000 26.000 1.000 11
11 3 119.000 120.000 26.000 1.000 -1
12 3 155.000 124.000 10.000 1.000 13
13 3 153.333 125.000 10.333 1.000 14
14 3 152.667 125.667 11.000 1.000 15
15 3 152.000 125.667 11.667 1.000 16
16 3 150.889 125.111 12.000 1.000 17
17 3 149.111 125.000 12.111 1.000 18
18 3 147.667 125.000 12.667 1.000 19
19 3 145.000 124.111 13.111 1.000 20
20 3 143.000 123.889 13.889 1.000 21
21 3 141.667 123.000 14.667 1.000 22
22 3 141.000 122.000 15.000 1.000 23
23 3 140.000 121.111 15.111 1.000 24
24 3 134.889 121.000 16.889 1.000 25
25 3 131.000 121.000 17.000 1.000 26
26 3 119.000 120.000 26.000 1.000 -1
27 3 119.000 120.000 26.000 1.000 28
28 3 112.000 102.000 26.000 1.000 29
29 3 111.333 101.556 26.000 1.000 30
30 3 110.667 99.444 26.111 1.000 31
31 3 109.333 97.667 27.000 1.000 32
32 3 108.667 95.333 27.000 1.000 33
33 3 107.667 92.333 28.000 1.000 34
34 3 106.333 89.778 28.111 1.000 35
35 3 105.667 88.222 28.889 1.000 36
36 3 104.333 86.667 29.000 1.000 37
37 3 103.333 84.667 29.000 1.000 38
38 3 101.667 79.333 29.000 1.000 39
39 3 100.333 77.667 29.000 1.000 40
40 3 100.111 76.889 29.000 1.000 41
41 3 100.000 75.444 28.667 1.000 42
42 3 100.000 75.000 28.000 1.000 -1
