#name vaa3d_traced_neuron
#comment 
##n,type,x,y,z,radius,parent
1 3 84.000 117.000 17.000 1.000 -1
2 3 84.667 116.556 17.000 1.000 1
3 3 85.444 115.111 17.667 1.000 2
4 3 87.000 115.000 18.000 1.000 3
5 3 89.667 115.333 18.000 1.000 4
6 3 91.667 116.333 18.000 1.000 5
7 3 92.667 117.222 18.111 1.000 6
8 3 93.000 118.333 18.667 1.000 7
9 3 93.000 120.000 19.000 1.000 8
10 3 93.000 121.889 18.889 1.000 9
11 3 93.000 125.000 18.000 1.000 10
12 3 93.000 126.556 18.444 1.000 11
13 3 93.000 127.000 20.000 1.000 12
14 3 93.000 127.111 25.889 1.000 13
15 3 93.000 128.333 28.667 1.000 14
16 3 92.667 128.889 29.778 1.000 15
17 3 91.222 129.333 30.889 1.000 16
18 3 89.889 129.889 31.000 1.000 17
19 3 88.444 130.111 31.333 1.000 18
20 3 86.222 131.333 32.889 1.000 19
21 3 83.333 134.222 33.111 1.000 20
22 3 82.333 135.444 33.889 1.000 21
23 3 81.667 137.556 33.889 1.000 22
24 3 80.333 138.444 33.111 1.000 23
25 3 79.667 140.667 33.000 1.000 24
26 3 76.778 143.778 33.000 1.000 25
27 3 74.778 146.778 33.000 1.000 26
28 3 73.222 148.333 32.111 1.000 27
29 3 72.222 149.222 32.000 1.000 28
30 3 71.333 150.333 32.000 1.000 29
31 3 70.889 151.556 31.667 1.000 30
32 3 70.222 152.000 30.778 1.000 31
33 3 68.667 152.000 29.333 1.000 32
34 3 67.000 152.000 29.000 1.000 33
35 3 86.000 88.000 27.000 1.000 36
36 3 87.556 88.333 26.889 1.000 37
37 3 89.333 90.778 25.111 1.000 38
38 3 90.667 92.222 24.889 1.000 39
39 3 92.222 93.778 24.000 1.000 40
40 3 92.889 95.000 23.889 1.000 41
41 3 94.000 97.000 23.000 1.000 42
42 3 95.000 99.000 23.000 1.000 43
43 3 95.667 99.889 23.444 1.000 44
44 3 96.111 100.000 25.889 1.000 45
45 3 96.778 99.667 26.889 1.000 46
46 3 98.444 97.444 27.000 1.000 47
47 3 99.111 97.111 27.000 1.000 48
48 3 102.667 97.000 26.667 1.000 -1
49 3 172.000 124.000 15.000 1.000 50
50 3 172.000 126.000 15.000 1.000 51
51 3 171.556 127.556 15.000 1.000 52
52 3 170.000 128.000 15.000 1.000 53
53 3 168.111 127.889 15.000 1.000 54
54 3 165.000 127.000 15.000 1.000 55
55 3 161.111 126.889 15.000 1.000 56
56 3 159.778 126.333 14.889 1.000 57
57 3 157.667 125.333 14.000 1.000 58
58 3 155.667 124.333 14.000 1.000 59
59 3 154.000 124.000 14.000 1.000 60
60 3 152.444 124.333 13.889 1.000 61
61 3 151.556 125.000 12.444 1.000 62
62 3 150.889 125.000 12.111 1.000 63
63 3 149.111 125.000 12.111 1.000 64
64 3 147.000 124.889 12.889 1.000 65
65 3 145.000 124.111 13.111 1.000 66
66 3 142.444 123.667 14.111 1.000 67
67 3 141.333 122.556 14.889 1.000 68
68 3 140.000 121.111 15.111 1.000 69
69 3 134.889 121.000 16.889 1.000 70
70 3 128.333 121.000 18.333 1.000 71
71 3 127.333 121.000 19.222 1.000 72
72 3 127.000 121.000 20.000 1.000 73
73 3 102.667 97.000 26.667 1.000 -1
74 3 102.667 97.000 26.667 1.000 75
75 3 103.667 96.556 26.111 1.000 76
76 3 103.889 95.889 26.000 1.000 77
77 3 104.000 90.000 26.000 1.000 78
78 3 104.000 88.333 26.333 1.000 79
79 3 104.000 86.556 28.556 1.000 80
80 3 103.889 85.444 29.333 1.000 81
81 3 103.333 84.556 29.889 1.000 82
82 3 102.333 82.667 30.000 1.000 83
83 3 101.889 80.000 29.111 1.000 84
84 3 101.667 79.333 29.000 1.000 85
85 3 100.333 77.667 29.000 1.000 86
86 3 100.000 76.111 28.889 1.000 87
87 3 99.889 74.778 28.333 1.000 88
88 3 98.444 73.667 27.889 1.000 89
89 3 97.667 72.222 27.111 1.000 90
90 3 96.333 70.667 27.000 1.000 91
91 3 95.667 68.222 26.111 1.000 92
92 3 95.111 66.889 26.000 1.000 93
93 3 95.000 65.333 25.667 1.000 94
94 3 95.000 63.667 24.333 1.000 95
95 3 95.000 62.889 24.111 1.000 96
96 3 95.000 59.111 23.889 1.000 97
97 3 95.000 56.889 22.111 1.000 98
98 3 95.000 54.000 22.000 1.000 -1
